categoryPageId:Gastronomy

122113001
122112001
122111001
122110001
122109001
122108001
122107001
122106001
122105001
122094001
122093001
122092001
122085001
122068001
122067001
122063001
122061001
122056001
122055001
122031001
122022001
122013001
122001001
121992001
121964001
121963001
121961001
121959001
121958001
121954001
121953001
121930001
121853001
121852001
121851001
121850001
121845001
121844001
121842001
121818001
121798001
121797001
121790001
121789001
121788001
121784001
121778001
121741001
121740001
121733001
121721001


categoryPageId:
Adventure

122044001
122036001
122034001
122030001
122026001
122023001
122021001
122020001
122019001
122018001
122017001
122012001
122005001
121993001
121987001
121976001
121975001
121974001
121973001
121971001
121970001

filters.occasions:Anniversaire

122161001
122160001
122158001
122157001
122155001
122153001
122149001
122146001
122144001
122142001
122140001
122139001
122138001
122137001
122136001



122179001
122178001
122177001
122176001
122175001
122174001
122172001
122171001
122170001
122169001
122168001
122167001
122166001
122165001
122164001
122163001
122162001
122161001
122160001
122159001
122158001
122157001
122156001
122155001
122154001
122153001
122152001
122151001
122150001
122149001
122148001
122147001
122146001
122145001
122144001
122143001
122142001
122141001
122140001
122139001
122138001
122137001
122136001
122135001
122134001
122133001
122132001
122131001
122130001
122129001
122128001
122127001
122126001
122125001
122124001
122123001
122122001
122121001
122120001
122119001
122118001
122117001
122116001
122115001
122114001
122113001
122112001
122111001
122110001
122109001
122108001
122107001
122106001
122105001
122104001
122103001
122102001
122101001
122100001
122099001
122098001
122097001
122096001
122095001
122094001
122093001
122092001
122091001
122090001
122089001
122088001
122087001
122086001
122085001
122084001
122083001
122082001
122081001
122080001
122079001
122078001
122077001
122076001
122075001
122074001
122073001
122072001
122071001
122070001
122069001
122068001
122067001
122066001
122065001
122064001
122063001
122062001
122061001
122060001
122059001
122058001
122057001
122056001
122055001
122054001
122053001
122052001
122051001
122050001
122049001
122048001
122047001
122046001
122045001
122044001
122043001
122042001
122041001
122040001
122039001
122038001
122037001
122036001
122035001
122034001
122033001
122032001
122031001
122030001
122029001
122028001
122027001
122026001
122025001
122024001
122023001
122022001
122021001
122020001
122019001
122018001
122017001
122016001
122015001
122014001
122013001
122012001
122011001
122010001
122009001
122008001
122007001
122006001
122005001
122004001
122003001
122002001
122001001
122000001
121999001
121998001
121997001
121996001
121995001
121994001
121993001
121992001
121991001
121990001
121989001
121988001
121987001
121986001
121985001
121984001
121983001
121982001
121981001
121980001
121979001
121978001
121977001
121976001
121975001
121974001
121973001
121972001
121971001
121970001
121969001
121968001
121967001
121966001
121965001
121964001
121963001
121962001
121961001
121960001
121959001
121958001
121957001
121956001
121955001
121954001
121953001
121952001
121951001
121950001
121949001
121948001
121947001
121946001
121945001
121944001
121943001
121942001
121941001
121940001
121939001
121938001
121937001
121936001
121935001
121934001
121933001
121932001
121931001
121930001
121929001
121928001
121927001
121926001
121925001
121924001
121923001
121922001
121921001
121920001
121919001
121918001
121917001
121916001
121915001
121914001
121913001
121912001
121911001
121910001
121909001
121908001
121907001
121906001
121905001
121904001
121903001
121902001
121901001
121900001
121899001
121898001
121897001
121896001
121895001
121894001
121893001
121892001
121891001
121890001
121889001
121888001
121887001
121886001
121885001
121884001
121883001
121882001
121881001
121880001
121879001
121878001
121877001
121876001
121875001
121874001
121873001
121872001
121871001
121870001
121869001
121868001
121867001
121866001
121865001
121864001
121863001
121862001
121861001
121860001
121859001
121858001
121857001
121856001
121855001
121854001
121853001
121852001
121851001
121850001
121849001
121848001
121847001
121846001
121845001
121844001
121843001
121842001
121841001
121840001
121839001
121838001
121837001
121836001
121835001
121834001
121833001
121832001
121831001
121830001
121829001
121828001
121827001
121826001
121825001
121824001
121823001
121822001
121821001
121820001
121819001
121818001
121817001
121816001
121815001
121814001
121813001
121812001
121811001
121810001
121809001
121808001
121807001
121806001
121805001
121804001
121803001
121802001
121801001
121800001
121799001
121798001
121797001
121796001
121795001
121794001
121793001
121792001
121791001
121790001
121789001
121788001
121787001
121786001
121785001
121784001
121783001
121782001
121781001
121780001
121779001
121778001
121777001
121776001
121775001
121774001
121773001
121772001
121771001
121770001
121769001
121768001
121767001
121766001
121765001
121764001
121763001
121762001
121761001
121760001
121759001
121758001
121757001
121756001
121755001
121754001
121753001
121752001
121751001
121750001
121749001
121748001
121747001
121746001
121745001
121744001
121743001
121742001
121741001
121740001
121739001
121738001
121737001
121736001
121735001
121734001
121733001
121732001
121731001
121730001
121729001
121728001
121727001
121726001
121725001
121724001
121723001
121722001
121721001
121720001
121719001
121718001
121717001
121716001
121715001
121714001
121713001
121712001
121711001
121710001
121709001
121708001
121707001
121706001
121705001
121704001
121703001
121702001
121701001
121700001
121699001
121698001
121697001
121696001
121695001
121694001
121693001
121692001
121691001
121690001
121689001
121688001
121687001
121686001
121685001
121684001
121683001
121682001
121681001
121680001
121679001
121678001
121677001
121676001
121675001
121674001
121673001
121672001
121671001
121670001
121669001
121668001
121667001
121666001
121665001
121664001
121663001
121662001
121661001
121660001
121659001
121658001
121657001
121656001
121655001
121654001
121653001
121652001
121651001
121650001
121649001
121648001
121647001
121646001
121645001
121644001
121643001
121642001
121641001
121640001
121639001
121638001
121637001
121636001
121635001
121634001
121633001
121632001
121631001
121630001
121629001
121628001
121627001
121626001
121625001
121624001
121623001
121622001
121621001
121620001
121619001
121618001
121617001
121616001
121615001
121614001
121613001
121612001
121611001
121610001
121609001
121608001
121607001
121606001
121605001
121604001
121603001
121602001
121601001
121600001
121599001
121598001
121597001
121596001
121595001
121594001
121593001
121592001
121591001
121590001
121589001
121588001
121587001
121586001
121585001
121584001
121583001
121582001
121581001
121580001
121579001
121578001
121577001
121576001
121575001
121574001
121573001
121572001
121571001
121570001
121569001
121568001
121567001
121566001
121565001
121564001
121563001
121562001
121561001
121560001
121559001
121558001
121557001
121556001
121555001
121554001
121553001
121552001
121551001
121550001
121549001
121548001
121547001
121546001
121545001
121544001
121543001
121542001
121541001
121540001
121539001
121538001
121537001
121536001
121535001
121534001
121533001
121532001
121531001
121530001
121529001
121528001
121527001
121526001
121525001
121524001
121523001
121522001
121521001
121520001
121519001
121518001
121517001
121516001
121515001
121514001
121513001
121512001
121511001
121510001
121509001
121508001
121507001
121506001
121505001
121504001
121503001
121502001
121501001
121500001
121499001
121498001
121497001
121496001
121495001
121494001
121493001
121492001
121491001
121490001
121489001
121488001
121487001
121486001
121485001
121484001
121483001
121482001
121481001
121480001
121479001
121478001
121477001
121476001
121475001
121474001
121473001
121472001
121471001
121470001
121469001
121468001
121467001
121466001
121465001
121464001
121463001
121462001
121461001
121460001
121459001
121458001
121457001
121456001
121455001
121454001
121453001
121452001
121451001
121450001
121449001
121448001
121447001
121446001
121445001
121444001
121443001
121442001
121441001
121440001
121439001
121438001
121437001
121436001
121435001
121434001
121433001
121432001
121431001
121430001
121429001
121428001
121427001
121426001
121425001
121424001
121423001
121422001
121421001
121420001
121419001
121418001
121417001
121416001
121415001
121414001
121413001
121412001
121411001
121410001
121409001
121408001
121407001
121406001
121405001
121404001
121403001
121402001
121401001
121400001
121399001
121398001
121397001
121396001
121395001
121394001
121393001
121392001
121391001
121390001
121389001
121388001
121387001
121386001
121385001
121384001
121383001
121382001
121381001
121380001
121379001
121378001
121377001
121376001
121375001
121374001
121373001
121372001
121371001
121370001
121369001
121368001
121367001
121366001
121365001
121364001
121363001
121362001
121361001
121360001
121359001
121358001
121357001
121356001
121355001
121354001
121353001
121352001
121351001
121350001
121349001
121348001
121347001
121346001
121345001
121344001
121343001
121342001
121341001
121340001
121339001
121338001
121337001
121336001
121335001
121334001
121333001
121332001
121331001
121330001
121329001
121328001
121327001
121326001
121325001
121324001
121323001
121322001
121321001
121320001
121319001
121318001
121317001
121316001
121315001
121314001
121313001
121312001
121311001
121310001
121309001
121308001
121307001
121306001
121305001
121304001
121303001
121302001
121301001
121300001
121299001
121298001
121297001
121296001
121295001
121294001
121293001
121292001
121291001
121290001
121289001
121288001
121287001
121286001
121285001
121284001
121283001
121282001
121281001
121280001
121279001
121278001
121277001
121276001
121275001
121274001
121273001
121272001
121271001
121270001
121269001
121268001
121267001
121266001
121265001
121264001
121263001
121262001
121261001
121260001
121259001
121258001
121257001
121256001
121255001
121254001
121253001
121252001
121251001
121250001
121249001
121248001
121247001
121246001
121245001
121244001
121243001
121242001
121241001
121240001
121239001
121238001
121237001
121236001
121235001
121234001
121233001
121232001
121231001
121230001
121229001
121228001
121227001
121226001
121225001
121224001
121223001
121222001
121221001
121220001
121219001
121218001
121217001
121216001
121215001
121214001
121213001
121212001
121211001
121210001
121209001
121208001
121207001
121206001
121205001
121204001
121203001
121202001
121201001
121200001
121199001
121198001
121197001
121196001
121195001
121194001
121193001
121192001
121191001
121190001
121189001
121188001
121187001
121186001
121185001
121184001
121183001
121182001
121181001
121180001
121179001
121178001
121177001
121176001
121175001
121174001
121173001
121172001
121171001
121170001
121169001
121168001
121167001
121166001
121165001
121164001
121163001
121162001
121161001
121160001
121159001
121158001
121157001
121156001
121155001
121154001
121153001
121152001
121151001
121150001
121149001
121148001
121147001
121146001
121145001
121144001
121143001
121142001
121141001
121140001
121139001
121138001
121137001
121136001
121135001
121134001
121133001
121132001
121131001
121130001
121129001
121128001
121127001
121126001
121125001
121124001
121123001
121122001
121121001
121120001
121119001
121118001
121117001
121116001
121115001
121114001
121113001
121112001
121111001
121110001
121109001
121108001
121107001
121106001
121105001
121104001
121103001
121102001
121101001
121100001
121099001
121098001
121097001
121096001
121095001
121094001
121093001
121092001
121091001
121090001
121089001
121088001
121087001
121086001
121085001
121084001
121083001
121082001
121081001
121080001
121079001
121078001
121077001
121076001
121075001
121074001
121073001
121072001
121071001
121070001
121069001
121068001
121067001
121066001
121065001
121064001
121063001
121062001
121061001
121060001
121059001
121058001
121057001
121056001
121055001
121054001
121053001
121052001
121051001
121050001
121049001
121048001
121047001
121046001
121045001
121044001
121043001
121042001
121041001
121040001
121039001
121038001
121037001
121036001
121035001
121034001
121033001
121032001
121031001
121030001
121029001
121028001
121027001
121026001
121025001
121024001
121023001
121022001
121021001
121020001
121019001
121018001
121017001
121016001
121015001
121014001
121013001
121012001
121011001
121010001
121009001
121008001
121007001
121006001
121005001
121004001
121003001
121002001
121001001
121000001
120999001
120998001
120997001
120996001
120995001
120994001
120993001
120992001
120991001
120990001
120989001
120988001
120987001
120986001
120985001
120984001
120983001
120982001
120981001
120980001
120979001
120978001
120977001
120976001
120975001
120974001
120973001
120972001
120971001
120970001
120969001
120968001
120967001
120966001
120965001
120964001
120963001
120962001
120961001
120960001
120959001
120958001
120957001
120956001
120955001
120954001
120953001
120952001
120951001
120950001
120949001
120948001
120947001
120946001
120945001
120944001
120943001
120942001
120941001
120940001
120939001
120938001
120937001
120936001
120935001
120934001
120933001
120932001
120931001
120930001
120929001
120928001
120927001
120926001
120925001
120924001
120923001
120922001
120921001
120920001
120919001
120918001
120917001
120916001
120915001
120914001
120913001
120912001
120911001
120910001
120909001
120908001
120907001
120906001
120905001
120904001
120903001
120902001
120901001
120900001
120899001
120898001
120897001
120896001
120895001
120894001
120893001
120892001
120891001
120890001
120889001
120888001
120887001
120886001
120885001
120884001
120883001
120882001
120881001
120880001
120879001
120878001
120877001
120876001
120875001
120874001
120873001
120872001
120871001
120870001
120869001
120868001
120867001
120866001
120865001
120864001
120863001
120862001
120861001
120860001
120859001
120858001
120857001
120856001
120855001
120854001
120853001
120852001
120851001
120850001
120849001
120848001
120847001
120846001
120845001
120844001
120843001
120842001
120841001
120840001
120839001
120838001
120837001
120836001
120835001
120834001
120833001
120832001
120831001
120830001
120829001
120828001
120827001
120826001
120825001
120824001
120823001
120822001
120821001
120820001
120819001
120818001
120817001
120816001
120815001
120814001
120813001
120812001
120811001
120810001
120809001
120808001
120807001
120806001
120805001
120804001
120803001
120802001
120801001
120800001
120799001
120798001
120797001
120796001
120795001
120794001
120793001
120792001
120791001
120790001
120789001
120788001
120787001
120786001
120785001
120784001
120783001
120782001
120781001
120780001
120779001
120778001
120777001
120776001
120775001
120774001
120773001
120772001
120771001
120770001
120769001
120768001
120767001
120766001
120765001
120764001
120763001
120762001
120761001
120760001
120759001
120758001
120757001
120756001
120755001
120754001
120753001
120752001
120751001
120750001
120749001
120748001
120747001
120746001
120745001
120744001
120743001
120742001
120741001
120740001
120739001
120738001
120737001
120736001
120735001
120734001
120733001
120732001
120731001
120730001
120729001
120728001
120727001
120726001
120725001
120724001
120723001
120722001
120721001
120720001
120719001
120718001
120717001
120716001
120715001
120714001
120713001
120712001
120711001
120710001
120709001
120708001
120707001
120706001
120705001
120704001
120703001
120702001
120701001
120700001
120699001
120698001
120697001
120696001
120695001
120694001
120693001
120692001
120691001
120690001
120689001
120688001
120687001
120686001
120685001
120684001
120683001
120682001
120681001
120680001
120679001
120678001
120677001
120676001
120675001
120674001
120673001
120672001
120671001
120670001
120669001
120668001
120667001
120666001
120665001
120664001
120663001
120662001
120661001
120660001
120659001
120658001
120657001
120656001
120655001
120654001
120653001
120652001
120651001
120650001
120649001
120648001
120647001
120646001
120645001
120644001
120643001
120642001
120641001
120640001
120639001
120638001
120637001
120636001
120635001
120634001
120633001
120632001
120631001
120630001
120629001
120628001
120627001
120626001
120625001
120624001
120623001
120622001
120621001
120620001
120619001
120618001
120617001
120616001
120615001
120614001
120613001
120612001
120611001
120610001
120609001
120608001
120607001
120606001
120605001
120604001
120603001
120602001
120601001
120600001
120599001
120598001
120597001
120596001
120595001
120594001
120593001
120592001
120591001
120590001
120589001
120588001
120587001
120586001
120585001
120584001
120583001
120582001
120581001
120580001
120579001
120578001
120577001
120576001
120575001
120574001
120573001
120572001
120571001
120570001
120569001
120568001
120567001
120566001
120565001
120564001
120563001
120562001
120561001
120560001
120559001
120558001
120557001
120556001
120555001
120554001
120553001
120552001
120551001
120550001
120549001
120548001
120547001
120546001
120545001
120544001
120543001
120542001
120541001
120540001
120539001
120538001
120537001
120536001
120535001
120534001
120533001
120532001
120531001
120530001
120529001
120528001
120527001
120526001
120525001
120524001
120523001
120522001
120521001
120520001
120519001
120518001
120517001
120516001
120515001
120514001
120513001
120512001
120511001
120510001
120509001
120508001
120507001
120506001
120505001
120504001
120503001
120502001
120501001
120500001
120499001
120498001
120497001
120496001
120495001
120494001
120493001
120492001
120491001
120490001
120489001
120488001
120487001
120486001
120485001
120484001
120483001
120482001
120481001
120480001
120479001
120478001
120477001
120476001
120475001
120474001
120473001
120472001
120471001
120470001
120469001
120468001
120467001
120466001
120465001
120464001
120463001
120462001
120461001
120460001
120459001
120458001
120457001
120456001
120455001
120454001
120453001
120452001
120451001
120450001
120449001
120448001
120447001
120446001
120445001
120444001
120443001
120442001
120441001
120440001
120439001
120438001
120437001
120436001
120435001
120434001
120433001
120432001
120431001
120430001
120429001
120428001
120427001
120426001
120425001
120424001
120423001
120422001
120421001
120420001
120419001
120418001
120417001
120416001
120415001
120414001
120413001
120412001
120411001
120410001
120409001
120408001
120407001
120406001
120405001
120404001
120403001
120402001
120401001
120400001
120399001
120398001
120397001
120396001
120395001
120394001
120393001
120392001
120391001
120390001
120389001
120388001
120387001
120386001
120385001
120384001
120383001
120382001
120381001
120380001
120379001
120378001
120377001
120376001
120375001
120374001
120373001
120372001
120371001
120370001
120369001
120368001
120367001
120366001
120365001
120364001
120363001
120362001
120361001
120360001
120359001
120358001
120357001
120356001
120355001
120354001
120353001
120352001
120351001
120350001
120349001
120348001
120347001
120346001
120345001
120344001
120343001
120342001
120341001
120340001
120339001
120338001
120337001
120336001
120335001
120334001
120333001
120332001
120331001
120330001
120329001
120328001
120327001
120326001
120325001
120324001
120323001
120322001
120321001
120320001
120319001
120318001
120317001
120316001
120315001
120314001
120313001
120312001
120311001
120310001
120309001
120308001
120307001
120306001
120305001
120304001
120303001
120302001
120301001
120300001
120299001
120298001
120297001
120296001
120295001
120294001
120293001
120292001
120291001
120290001
120289001
120288001
120287001
120286001
120285001
120284001
120283001
120282001
120281001
120280001
120279001
120278001
120277001
120276001
120275001
120274001
120273001
120272001
120271001
120270001
120269001
120268001
120267001
120266001
120265001
120264001
120263001
120262001
120261001
120260001
120259001
120258001
120257001
120256001
120255001
120254001
120253001
120252001
120251001
120250001
120249001
120248001
120247001
120246001
120245001
120244001
120243001
120242001
120241001
120240001
120239001
120238001
120237001
120236001
120235001
120234001
120233001
120232001
120231001
120230001
120229001
120228001
120227001
120226001
120225001
120224001
120223001
120222001
120221001
120220001
120219001
120218001
120217001
120216001
120215001
120214001
120213001
120212001
120211001
120210001
120209001
120208001
120207001
120206001
120205001
120204001
120203001
120202001
120201001
120200001
120199001
120198001
120197001
120196001
120195001
120194001
120193001
120192001
120191001
120190001
120189001
120188001
120187001
120186001
120185001
120184001
120183001
120182001
120181001
120180001
120179001
120178001
120177001
120176001
120175001
120174001
120173001
120172001
120171001
120170001
120169001
120168001
120167001
120166001
120165001
120164001
120163001
120162001
120161001
120160001
120159001
120158001
120157001
120156001
120155001
120154001
120153001
120152001
120151001
120150001
120149001
120148001
120147001
120146001
120145001
120144001
120143001
120142001
120141001
120140001
120139001
120138001
120137001
120136001
120135001
120134001
120133001
120132001
120131001
120130001
120129001
120128001
120127001
120126001
120125001
120124001
120123001
120122001
120121001
120120001
120119001
120118001
120117001
120116001
120115001
120114001
120113001
120112001
120111001
120110001
120109001
120108001
120107001
120106001
120105001
120104001
120103001
120102001
120101001
120100001
120099001
120098001
120097001
120096001
120095001
120094001
120093001
120092001
120091001
120090001
120089001
120088001
120087001
120086001
120085001
120084001
120083001
120082001
120081001
120080001
120079001
120078001
120077001
120076001
120075001
120074001
120073001
120072001
120071001
120070001
120069001
120068001
120067001
120066001
120065001
120064001
120063001
120062001
120061001
120060001
120059001
120058001
120057001
120056001
120055001
120054001
120053001
120052001
120051001
120050001
120049001
120048001
120047001
120046001
120045001
120044001
120043001
120042001
120041001
120040001
120039001
120038001
120037001
120036001
120035001
120034001
120033001
120032001
120031001
120030001
120029001
120028001
120027001
120026001
120025001
120024001
120023001
